4.94065645841e-324
70.8241195679
57.55210495
40.76953125
25.764591217
22.7838020325
22.238073349
18.1844367981
14.5416135788
18.5506896973
9.76993846893
9.51757049561
8.6677312851
5.81021022797
7.14375066757
5.08027887344
5.61706590652
5.59279060364
5.90239715576
5.62515258789
4.55278396606
4.896920681
5.51266765594
4.0512676239
4.84875392914
3.01320815086
2.86812400818
5.06031894684
2.96723270416
2.30119490623
3.10878372192
2.72854709625
2.42957758904
2.23885345459
2.78966188431
2.02558755875
2.6304795742
1.74033534527
1.57961797714
2.33560061455
1.70361995697
1.53160405159
1.5289041996
1.8686504364
1.26702678204
1.19717907906
1.09016919136
2.32938504219
1.13342833519
1.08098709583
0.87993067503
1.30768942833
0.616547107697
1.38376522064
1.03280723095
1.12851059437
0.881661832333
1.50982785225
0.825608849525
0.679403960705
0.856898903847
1.08319962025
1.15013480186
1.0274630785
1.03251063824
